0.00000 0.47082 0.31187 0.60362 0.48290 0.64688 0.31388 0.67103 
0.47082 0.00000 0.58350 0.30986 0.48491 0.47586 0.31791 0.49598 
0.31187 0.58350 0.00000 0.65795 0.57847 0.66197 0.47485 0.70724 
0.60362 0.30986 0.65795 0.00000 0.56640 0.32596 0.47586 0.32696 
0.48290 0.48491 0.57847 0.56640 0.00000 0.62072 0.31590 0.62274 
0.64688 0.47586 0.66197 0.32596 0.62072 0.00000 0.57847 0.48893 
0.31388 0.31791 0.47485 0.47586 0.31590 0.57847 0.00000 0.58652 
0.67103 0.49598 0.70724 0.32696 0.62274 0.48893 0.58652 0.00000 
